563
11.447271 -2.150926 -1.100602
11.447271 -2.150926 1.116313
11.218155 -2.015198 -1.258953
11.218155 -2.015198 1.274664
11.040967 -1.780269 -1.377717
11.040967 -1.780269 1.393427
10.881603 -1.933819 -0.882870
10.881603 -1.933819 0.898580
11.090663 -2.138039 -0.882870
11.090663 -2.138039 0.898580
11.383526 -2.212345 -0.882870
11.383526 -2.212345 0.898580
11.470909 -2.226490 -0.684931
11.470909 -2.226490 0.700641
11.259521 -2.147437 -0.506786
11.259521 -2.147437 0.522496
11.094152 -1.950290 -0.388023
11.094152 -1.950290 0.403733
11.553452 -1.827355 -0.190084
11.553452 -1.827355 0.205794
11.618455 -2.035157 -0.348435
11.618455 -2.035157 0.364145
11.659821 -2.167396 -0.605755
11.659821 -2.167396 0.621466
11.867624 -2.102392 -0.684931
11.867624 -2.102392 0.700641
11.977386 -1.922879 -0.506786
11.977386 -1.922879 0.522496
12.019821 -1.660728 -0.388022
12.019821 -1.660728 0.403733
12.185096 -1.526069 -0.882870
12.185096 -1.526069 0.898580
12.110789 -1.818930 -0.882870
12.110789 -1.818930 0.898580
11.931370 -2.040972 -0.882870
11.931370 -2.040972 0.898580
11.843986 -2.026828 -1.100602
11.843986 -2.026828 1.116313
11.936021 -1.790640 -1.258953
11.936021 -1.790640 1.274664
11.966636 -1.490707 -1.377717
11.966636 -1.490707 1.393427
11.482538 -1.600660 -1.575656
11.482538 -1.600660 1.591366
11.565269 -1.865137 -1.417305
11.565269 -1.865137 1.433015
11.630274 -2.072940 -1.179778
11.630274 -2.072940 1.195488
11.642093 -2.110722 -1.199572
11.642093 -2.110722 1.215282
11.874695 -2.058701 -1.120396
11.874695 -2.058701 1.136107
11.986879 -2.085827 -0.882870
11.986879 -2.085827 0.898580
11.904243 -2.153157 -0.665137
11.904243 -2.153157 0.680847
11.677548 -2.224069 -0.566167
11.677548 -2.224069 0.581878
11.469746 -2.289073 -0.665137
11.469746 -2.289073 0.680847
11.683459 -2.242961 -0.882870
11.683459 -2.242961 0.898580
11.363471 -2.280838 -0.882870
11.363471 -2.280838 0.898580
11.440199 -2.194617 -1.120396
11.440199 -2.194617 1.136107
12.071842 -1.893332 0.007855
11.942025 -2.141338 0.007855
9.383385 -2.713578 0.007855
10.287837 -2.555092 0.007855
10.620805 -2.492414 0.007855
9.144873 -2.746709 0.007855
11.908800 -1.571018 0.007855
12.281878 -1.371356 0.007855
12.230259 1.578278 0.007855
11.187471 2.060929 0.007855
10.015055 1.631962 0.007855
7.881595 1.130963 -1.197218
10.443522 -1.925678 -0.506786
10.443522 -1.925678 0.522496
9.844914 -2.133671 -0.783900
9.844914 -2.133671 0.799610
9.221505 -2.328682 -0.882870
9.221505 -2.328682 0.898580
8.719679 -2.381961 -0.922458
8.719679 -2.381961 0.938168
8.581531 -2.404436 -0.823488
8.581531 -2.404436 0.839198
8.548495 -2.497729 -0.447404
8.548495 -2.497729 0.463114
8.528441 -2.566221 0.007855
10.533232 -1.814657 -1.100602
10.533232 -1.814657 1.116313
10.784727 -1.756726 -1.595450
10.784727 -1.756726 1.611160
11.167201 -1.388206 -2.090297
11.167201 -1.388206 2.106007
11.959563 -1.534399 -2.169472
11.959563 -1.534399 2.185183
12.115440 -1.568598 -1.793388
12.115440 -1.568598 1.809099
12.446083 -1.631086 -1.239159
12.446083 -1.631086 1.254870
12.859364 -1.626245 -0.803694
12.859364 -1.626245 0.819405
12.782636 -1.712465 -0.388022
12.782636 -1.712465 0.403733
12.228883 -1.864948 -0.150496
12.228883 -1.864948 0.166206
12.057699 -1.980715 -0.407816
12.057699 -1.980715 0.423527
11.787312 -2.044556 -0.308847
11.787312 -2.044556 0.324557
11.259521 -2.147437 -0.506786
11.259521 -2.147437 0.522496
11.041062 -2.112075 -0.942251
11.041062 -2.112075 0.957962
11.130772 -2.001054 -1.239160
11.130772 -2.001054 1.254870
11.415303 -1.849829 -1.575656
11.415303 -1.849829 1.591366
11.679779 -1.767097 -1.615243
11.679779 -1.767097 1.630954
11.880509 -1.745786 -1.516274
11.880509 -1.745786 1.531984
12.073006 -1.830749 -1.080808
12.073006 -1.830749 1.096519
12.178118 -1.901567 -0.625549
12.178118 -1.901567 0.641259
9.175583 -2.778582 0.007855
9.288929 -2.743125 -0.269259
9.288929 -2.743125 0.284969
8.987834 -2.775093 -0.289053
8.987834 -2.775093 0.304763
8.862668 -2.772767 -0.150496
8.862668 -2.772767 0.166206
8.837867 -2.759785 0.007855
10.566458 -2.384977 0.007855
10.692786 -2.324719 0.007855
10.673895 -2.330629 -0.249465
10.673895 -2.330629 0.265176
10.490891 -2.408615 -0.308847
10.490891 -2.408615 0.324557
10.333854 -2.436999 -0.209878
10.333854 -2.436999 0.225588
10.866296 -2.083786 -1.001633
10.866296 -2.083786 1.017343
11.076425 -1.893616 -1.555862
11.076425 -1.893616 1.571572
11.417629 -1.724663 -1.832976
11.417629 -1.724663 1.848686
11.874600 -1.726895 -1.872564
11.874600 -1.726895 1.888274
12.022242 -1.867368 -1.734007
12.022242 -1.867368 1.749717
12.396576 -1.936928 -1.100602
12.396576 -1.936928 1.116313
12.652818 -1.960471 -0.783900
12.652818 -1.960471 0.799611
12.607963 -2.015982 -0.506786
12.607963 -2.015982 0.522496
12.148664 -2.138917 -0.249465
12.148664 -2.138917 0.265176
10.840427 -2.465193 -0.308847
10.840427 -2.465193 0.324557
9.932392 -2.479622 -0.526580
9.932392 -2.479622 0.542290
9.291255 -2.617959 -0.625549
9.291255 -2.617959 0.641259
8.990159 -2.649927 -0.665137
8.990159 -2.649927 0.680847
8.739828 -2.645276 -0.585962
8.739828 -2.645276 0.601672
8.702045 -2.657094 -0.407817
8.702045 -2.657094 0.423527
8.670172 -2.687804 0.007855
11.134356 -2.145111 0.007855
11.560618 -2.115469 0.007855
12.185190 -1.857875 -0.823488
12.185190 -1.857875 0.839198
11.378778 -2.130872 -0.407816
11.378778 -2.130872 0.423527
11.554708 -2.096578 -0.328641
11.554708 -2.096578 0.344351
9.364494 -2.719488 -0.289053
9.364494 -2.719488 0.304763
9.961940 -2.574078 -0.190084
9.961940 -2.574078 0.205794
9.961940 -2.574078 0.007855
10.239398 -2.466546 0.007855
10.401184 -2.519635 -0.229672
10.401184 -2.519635 0.245382
10.526349 -2.521961 -0.328641
10.526349 -2.521961 0.344351
10.741224 -2.413266 -0.269259
10.741224 -2.413266 0.284969
10.760116 -2.407356 -0.091114
10.760116 -2.407356 0.106825
10.606660 -2.579798 0.007855
10.727080 -2.500649 -0.110908
10.727080 -2.500649 0.126618
10.708188 -2.506559 -0.229672
10.708188 -2.506559 0.245382
10.549986 -2.597526 -0.269259
10.549986 -2.597526 0.284969
10.475585 -2.558581 -0.190084
10.475585 -2.558581 0.205794
10.381129 -2.588128 0.007855
10.135355 -2.001338 -0.645343
10.135355 -2.001338 0.661053
10.423563 -2.325978 -0.407816
10.423563 -2.325978 0.423527
10.253543 -2.379162 -0.447404
10.253543 -2.379162 0.463114
10.286484 -1.954063 -0.585961
10.286484 -1.954063 0.601672
8.875649 -2.747967 0.007855
8.894541 -2.742057 -0.110908
8.894541 -2.742057 0.126618
9.025616 -2.763274 -0.229672
9.025616 -2.763274 0.245382
9.226346 -2.741963 -0.229672
9.226346 -2.741963 0.245382
9.078706 -2.601489 0.007855
9.160180 -2.596742 -0.229672
9.160180 -2.596742 0.245382
8.991323 -2.587344 -0.229672
8.991323 -2.587344 0.245382
8.890957 -2.598000 -0.110908
8.890957 -2.598000 0.126618
8.872066 -2.603909 0.007855
11.591329 -2.147342 -0.427610
11.591329 -2.147342 0.443321
11.434290 -2.175726 -0.467198
11.434290 -2.175726 0.482908
12.083662 -1.931114 -0.843282
12.083662 -1.931114 0.858992
12.076590 -1.974805 -0.684931
12.076590 -1.974805 0.700641
12.019917 -1.992534 -1.061015
12.019917 -1.992534 1.076725
11.847475 -1.839079 -1.417304
11.847475 -1.839079 1.433015
11.690435 -1.867463 -1.476686
11.690435 -1.867463 1.492396
11.457832 -1.919485 -1.456892
11.457832 -1.919485 1.472603
11.260685 -2.084854 -1.199572
11.260685 -2.084854 1.215282
11.183957 -2.171074 -0.942251
11.183957 -2.171074 0.957962
11.326851 -2.230074 -0.566168
11.326851 -2.230074 0.581878
11.780239 -2.088248 -0.447404
11.780239 -2.088248 0.463115
11.969151 -2.029154 -0.526580
11.969151 -2.029154 0.542290
11.913641 -1.984299 -0.585961
11.913641 -1.984299 0.601672
11.762511 -2.031574 -0.486992
11.762511 -2.031574 0.502702
11.346906 -2.161581 -0.605755
11.346906 -2.161581 0.621466
11.228812 -2.115564 -0.942251
11.228812 -2.115564 0.957962
11.286649 -2.035252 -1.159984
11.286649 -2.035252 1.175694
11.489705 -1.888775 -1.377717
11.489705 -1.888775 1.393427
11.659725 -1.835590 -1.397511
11.659725 -1.835590 1.413221
11.797873 -1.813115 -1.338129
11.797873 -1.813115 1.353839
11.983295 -1.941770 -1.041221
11.983295 -1.941770 1.056931
12.014007 -1.973643 -0.704725
12.014007 -1.973643 0.720435
12.021078 -1.929951 -0.843282
12.021078 -1.929951 0.858992
11.454343 -2.107234 -0.506786
11.454343 -2.107234 0.522496
11.586582 -2.065868 -0.486992
11.586582 -2.065868 0.502702
12.046947 -1.548544 -0.269259
12.046947 -1.548544 0.284970
12.544026 -1.413790 -0.486992
12.544026 -1.413790 0.502702
12.582973 -1.339388 -0.843282
12.582973 -1.339388 0.858992
12.232275 -1.345392 -1.219366
12.232275 -1.345392 1.235076
11.939415 -1.271085 -1.714213
11.939415 -1.271085 1.729923
11.802430 -1.230977 -2.011121
11.802430 -1.230977 2.026832
11.151800 -1.206366 -1.951739
11.151800 -1.206366 1.967450
10.784631 -1.424920 -1.516274
10.784631 -1.424920 1.531984
10.599304 -1.628072 -1.100602
10.599304 -1.628072 1.116313
12.862566 -0.443078 0.007855
12.792626 0.509811 0.007855
9.490943 1.053218 0.007855
9.498678 -1.225731 0.007855
8.458691 -2.276944 0.007855
8.785655 -1.863570 0.007855
9.334662 -1.629614 0.007855
9.512918 -1.470154 0.007855
11.079534 -0.378643 -2.149678
11.079534 -0.378643 2.165389
11.210515 -0.068054 -2.169472
11.210515 -0.068054 2.185183
10.782805 0.835139 -1.951739
10.782805 0.835139 1.967450
10.997492 1.607446 -1.159984
10.997492 1.607446 1.175694
10.411270 -0.629165 -1.852770
10.411270 -0.629165 1.868480
10.045075 -0.121523 -1.496480
10.045075 -0.121523 1.512190
10.127522 0.609418 -1.615244
10.127522 0.609418 1.630954
10.101370 1.223429 -0.843282
10.101370 1.223429 0.858992
9.928619 -1.671953 -0.585961
9.928619 -1.671953 0.601672
9.665211 -1.360296 -0.447404
9.665211 -1.360296 0.463114
9.041897 -1.887112 -0.724519
9.041897 -1.887112 0.740229
9.557868 -1.746449 -0.625549
9.557868 -1.746449 0.641259
8.562545 -2.078540 -0.823488
8.562545 -2.078540 0.839198
8.916731 -1.884787 -0.348435
8.916731 -1.884787 0.364145
9.439775 -1.700432 -0.308847
9.439775 -1.700432 0.324557
8.516527 -2.196633 -0.407817
8.516527 -2.196633 0.423527
10.116367 -1.675441 -0.546374
10.116367 -1.675441 0.562084
10.278153 -1.728532 -0.526580
10.278153 -1.728532 0.542290
10.434030 -1.762730 -0.506786
10.434030 -1.762730 0.522496
9.650971 -1.115873 -0.526580
9.650971 -1.115873 0.542290
9.514865 -0.017764 -0.744313
9.514865 -0.017764 0.760023
9.704750 0.767525 -0.863076
9.704750 0.767525 0.878786
12.278793 1.157926 -1.140190
12.278793 1.157926 1.155901
12.666298 0.449554 -1.140190
12.666298 0.449554 1.155901
12.707854 -0.346296 -1.140190
12.707854 -0.346296 1.155901
12.062160 -1.066771 -1.159984
12.062160 -1.066771 1.175694
11.707880 -0.928718 -1.832976
11.707880 -0.928718 1.848686
11.779861 -0.761023 -1.595450
11.779861 -0.761023 1.611160
12.213004 -0.024078 -1.615243
12.213004 -0.024078 1.630954
11.926149 -0.300468 -2.011121
11.926149 -0.300468 2.026832
11.875194 0.326525 -2.011121
11.875194 0.326525 2.026832
12.137250 0.615896 -1.615243
12.137250 0.615896 1.630954
11.778129 1.167230 -1.615243
11.778129 1.167230 1.630954
11.503091 0.853057 -2.011121
11.503091 0.853057 2.026832
10.821656 1.241347 -1.555862
10.821656 1.241347 1.571572
10.114447 0.916423 -1.219366
10.114447 0.916423 1.235076
11.111218 0.315679 -2.070503
11.111218 0.315679 2.086213
10.168105 -0.912627 -1.021427
10.168105 -0.912627 1.037137
9.839599 -0.061361 -1.080809
9.839599 -0.061361 1.096519
11.276492 0.450338 -2.248648
11.276492 0.450338 2.264358
10.036840 -0.227798 -1.951740
10.036840 -0.227798 1.967450
9.977652 0.292919 -2.624732
9.977652 0.292919 2.640442
10.278652 0.656693 -3.238342
10.278652 0.656693 3.254052
10.926863 0.838723 -3.416487
10.926863 0.838723 3.432197
11.380250 0.980549 -3.119579
11.380250 0.980549 3.135289
11.387418 0.692434 -2.585144
11.387418 0.692434 2.600854
11.254017 0.588485 -2.565350
11.254017 0.588485 2.581060
11.233868 0.851799 -3.000815
11.233868 0.851799 3.016526
10.863117 0.777302 -3.198754
10.863117 0.777302 3.214464
10.353055 0.617748 -3.060197
10.353055 0.617748 3.075907
10.146509 0.283521 -2.604938
10.146509 0.283521 2.620648
10.200952 -0.155722 -2.090297
10.200952 -0.155722 2.106007
11.174964 0.377099 -2.327823
11.174964 0.377099 2.343534
10.989540 0.505754 -2.387205
10.989540 0.505754 2.402915
10.255204 0.068646 -2.228854
10.255204 0.068646 2.244564
10.193690 0.464198 -2.624732
10.193690 0.464198 2.640442
10.361289 0.724023 -3.000815
10.361289 0.724023 3.016526
10.739114 0.842211 -3.119579
10.739114 0.842211 3.135289
11.009501 0.906052 -2.961228
11.009501 0.906052 2.976938
11.030811 0.705322 -2.585144
11.030811 0.705322 2.600854
11.010852 0.305023 -2.129884
11.010852 0.305023 2.145595
10.680209 0.367511 -2.110091
10.680209 0.367511 2.125801
10.491297 0.308417 -1.912152
10.491297 0.308417 1.927862
10.472406 0.302507 -2.070503
10.472406 0.302507 2.086213
10.302384 0.249323 -2.129884
10.302384 0.249323 2.145595
10.226820 0.225685 -2.050709
10.226820 0.225685 2.066419
10.418247 -0.253667 -1.832976
10.418247 -0.253667 1.848686
10.284751 -0.025810 -1.813182
10.284751 -0.025810 1.828893
10.424062 0.059248 -1.813182
10.424062 0.059248 1.828893
10.803049 0.240019 -2.011121
10.803049 0.240019 2.026831
10.856140 0.401805 -2.248648
10.856140 0.401805 2.264358
10.795882 0.528134 -2.248648
10.795882 0.528134 2.264358
10.191364 0.339032 -2.050709
10.191364 0.339032 2.066419
10.266929 0.362670 -2.149678
10.266929 0.362670 2.165389
10.418057 0.409945 -2.090297
10.418057 0.409945 2.106007
10.455840 0.421764 -1.931946
10.455840 0.421764 1.947656
10.644753 0.480858 -2.129884
10.644753 0.480858 2.145595
10.951664 0.825741 -2.624732
10.951664 0.825741 2.640442
10.936260 1.007580 -3.000815
10.936260 1.007580 3.016526
10.684767 0.949649 -3.178960
10.684767 0.949649 3.194670
10.312852 0.812569 -3.060197
10.312852 0.812569 3.075907
10.152324 0.596436 -2.644526
10.152324 0.596436 2.660236
10.232731 0.206794 -2.228854
10.232731 0.206794 2.244564
10.910392 0.626173 -2.406999
10.910392 0.626173 2.422709
10.487713 0.452474 -2.248648
10.487713 0.452474 2.264358
10.368457 0.435909 -2.367411
10.368457 0.435909 2.383121
10.495949 0.558749 -2.525762
10.495949 0.558749 2.541472
10.621116 0.556423 -2.426793
10.621116 0.556423 2.442503
10.754517 0.660372 -2.565350
10.754517 0.660372 2.581060
10.635261 0.643806 -2.664320
10.635261 0.643806 2.680029
10.686025 0.680426 -2.802877
10.686025 0.680426 2.818587
10.837153 0.727701 -2.743495
10.837153 0.727701 2.759205
11.162955 1.078493 -2.585144
11.162955 1.078493 2.600854
11.191244 1.253260 -3.159166
11.191244 1.253260 3.174877
10.811094 1.009906 -3.456075
10.811094 1.009906 3.471785
10.201830 0.902279 -3.317518
10.201830 0.902279 3.333228
9.891336 0.701453 -2.624732
9.891336 0.701453 2.640442
9.920978 0.275191 -1.991327
9.920978 0.275191 2.007037
11.107539 0.791542 -2.169472
11.107539 0.791542 2.185183
8.937813 0.782307 -0.863076
8.724006 1.068000 0.007855
8.937813 0.782307 0.878786
6.760592 1.390623 -1.439510
8.747928 -0.002982 -0.744313
8.747928 -0.002982 0.760023
8.731742 -1.210950 0.007855
8.884034 -1.101091 -0.526580
8.884034 -1.101091 0.542290
7.585758 1.526266 0.007855
7.881595 1.130963 1.212928
5.024844 1.291321 -1.304389
7.618858 0.044389 -1.032890
7.618858 0.044389 1.048600
7.596462 -1.627028 0.007855
7.807182 -1.475022 -0.731622
7.807182 -1.475022 0.747332
6.405275 1.865405 0.007855
6.760592 1.390623 1.455219
2.614831 0.981215 -0.941485
6.445030 0.085583 -1.242142
6.445030 0.085583 1.257851
6.418131 -1.921888 0.007855
6.671219 -1.739319 -0.880301
6.671219 -1.739319 0.896010
4.702697 1.721780 0.007855
5.024844 1.291321 1.320099
0.405674 0.705648 -0.617674
4.738740 0.108115 -1.125447
4.738740 0.108115 1.141156
4.714353 -1.711946 0.007855
4.943814 -1.546421 -0.797386
4.943814 -1.546421 0.813095
2.381774 1.292629 0.007854
2.614831 0.981215 0.957194
-0.393198 0.821059 -0.719467
2.407850 0.125228 -0.812030
2.407850 0.125228 0.827739
2.390207 -1.191492 0.007854
2.556210 -1.071743 -0.574695
2.556210 -1.071743 0.590404
0.252111 0.910841 0.007854
0.405674 0.705648 0.633382
0.269292 0.141630 -0.532374
0.269292 0.141630 0.548083
0.257667 -0.725968 0.007854
0.367048 -0.647064 -0.375993
0.367048 -0.647064 0.391701
-0.571750 1.059644 0.007854
-0.393198 0.821059 0.735176
-0.748044 0.294380 0.007854
-0.551774 0.165257 -0.620287
-0.551774 0.165257 0.635996
-0.565290 -0.843527 0.007854
-0.438109 -0.751783 -0.438457
-0.438109 -0.751783 0.454165
1079
46 2 44 
3 47 45 
44 4 42 
5 45 43 
2 6 4 
7 3 5 
0 8 2 
9 1 3 
10 14 8 
15 11 9 
8 16 6 
17 9 7 
20 16 14 
21 17 19 
22 14 12 
23 15 21 
22 26 20 
27 23 21 
26 18 20 
27 19 29 
32 28 26 
33 29 31 
34 26 24 
35 27 33 
36 32 34 
37 33 39 
38 30 32 
39 31 41 
44 40 38 
45 41 43 
46 38 36 
47 39 45 
36 48 46 
37 49 51 
34 50 36 
35 51 53 
24 52 34 
25 53 55 
22 54 24 
23 55 57 
22 58 56 
59 23 57 
12 62 58 
63 13 59 
10 64 62 
65 11 63 
0 48 64 
49 1 65 
60 64 48 
49 65 61 
62 64 60 
61 65 63 
60 58 62 
63 59 61 
60 56 58 
59 57 61 
60 54 56 
57 55 61 
60 52 54 
55 53 61 
60 50 52 
53 51 61 
60 48 50 
51 49 61 
173 90 88 
174 90 175 
171 88 86 
172 89 174 
84 171 86 
172 85 87 
82 169 84 
170 83 85 
80 167 82 
168 81 83 
78 145 163 
146 79 164 
93 145 91 
94 146 148 
93 149 147 
150 94 148 
97 149 95 
98 150 152 
99 151 97 
100 152 154 
101 153 99 
102 154 156 
101 157 155 
158 102 156 
105 157 103 
106 158 160 
107 159 105 
108 160 162 
66 161 107 
66 162 67 
127 161 109 
128 162 160 
127 157 159 
158 128 160 
155 178 125 
156 179 158 
153 125 123 
154 126 156 
151 123 121 
152 124 154 
149 121 119 
150 122 152 
147 119 117 
148 120 150 
145 117 115 
146 118 148 
113 145 115 
146 114 116 
113 176 163 
176 114 164 
161 111 109 
162 112 67 
111 177 182 
177 112 183 
180 177 176 
181 177 183 
134 175 173 
175 135 174 
132 173 171 
174 133 172 
132 169 130 
133 170 172 
165 184 167 
185 166 168 
130 167 184 
168 131 185 
189 186 143 
189 187 188 
186 68 184 
187 68 188 
130 68 129 
131 68 185 
141 190 143 
191 142 144 
194 141 139 
195 142 193 
196 139 138 
197 140 195 
70 138 137 
70 138 197 
143 69 189 
144 69 191 
190 207 69 
191 207 206 
70 199 196 
200 70 197 
196 201 194 
202 197 195 
201 192 194 
202 193 204 
192 205 190 
206 193 191 
203 199 198 
204 200 202 
198 205 203 
206 198 204 
138 163 176 
164 138 176 
139 210 163 
211 140 164 
143 210 141 
144 211 213 
186 212 143 
187 213 166 
208 165 80 
209 166 213 
214 212 208 
215 213 211 
78 210 214 
211 79 215 
129 221 130 
129 222 71 
132 221 219 
222 133 220 
134 219 217 
220 135 218 
136 217 216 
218 136 216 
217 230 216 
218 230 229 
217 226 228 
227 218 229 
219 224 226 
225 220 227 
71 224 221 
71 225 223 
223 228 224 
229 223 225 
224 228 226 
227 229 225 
182 233 231 
234 183 232 
111 231 253 
232 112 254 
111 255 109 
112 256 254 
113 233 180 
114 234 252 
113 249 251 
250 114 252 
115 247 249 
248 116 250 
117 245 247 
246 118 248 
119 243 245 
244 120 246 
123 243 121 
124 244 242 
125 241 123 
126 242 240 
125 235 239 
236 126 240 
178 237 235 
238 179 236 
127 255 237 
256 128 238 
237 257 275 
258 238 276 
235 275 277 
276 236 278 
235 273 239 
236 274 278 
239 271 241 
240 272 274 
243 271 269 
272 244 270 
243 267 245 
244 268 270 
247 267 265 
268 248 266 
247 263 249 
248 264 266 
249 261 251 
250 262 264 
233 261 279 
262 234 280 
255 259 257 
260 256 258 
253 281 259 
282 254 260 
231 279 281 
280 232 282 
66 283 72 
284 66 72 
107 285 283 
286 108 284 
103 285 105 
104 286 288 
101 287 103 
102 288 290 
99 289 101 
100 290 292 
99 293 291 
294 100 292 
95 293 97 
96 294 296 
95 297 295 
298 96 296 
93 299 297 
300 94 298 
308 337 307 
308 338 328 
307 335 306 
307 336 338 
306 339 305 
306 340 336 
88 305 339 
305 89 340 
86 339 333 
340 87 334 
84 333 329 
334 85 330 
82 329 331 
330 83 332 
329 337 331 
338 330 332 
333 335 329 
334 336 340 
331 327 325 
332 328 338 
80 331 325 
332 81 326 
341 214 208 
342 215 344 
325 208 80 
326 209 342 
214 345 78 
215 346 344 
345 91 78 
346 92 300 
323 303 76 
324 303 352 
303 507 508 
304 514 347 
350 515 348 
350 509 512 
304 327 308 
328 304 308 
327 341 325 
328 342 348 
295 317 309 
318 296 310 
315 76 75 
316 76 324 
357 302 301 
358 302 356 
302 353 74 
354 302 74 
74 315 75 
316 74 75 
291 361 363 
362 292 364 
363 367 365 
368 364 366 
365 369 371 
370 366 372 
371 375 373 
376 372 374 
377 375 313 
378 376 374 
315 373 377 
374 316 378 
353 371 373 
372 354 374 
355 365 371 
366 356 372 
357 363 365 
364 358 366 
291 359 289 
292 360 364 
359 301 73 
360 301 358 
285 289 283 
286 290 288 
283 359 73 
360 284 73 
72 283 73 
73 284 72 
295 361 293 
296 362 310 
309 367 361 
368 310 362 
311 369 367 
370 312 368 
375 381 313 
376 382 370 
349 383 347 
350 384 386 
383 319 317 
384 320 386 
297 383 317 
384 298 318 
299 341 383 
342 300 384 
341 347 383 
384 348 342 
299 345 343 
344 346 300 
321 377 313 
322 378 380 
377 323 315 
378 324 380 
385 321 319 
386 322 380 
351 385 349 
352 386 380 
323 379 351 
352 380 324 
387 401 399 
388 402 414 
399 403 397 
404 400 398 
403 395 397 
404 396 406 
405 393 395 
406 394 408 
407 391 393 
408 392 410 
391 411 389 
412 392 390 
409 417 411 
418 410 412 
407 419 409 
420 408 410 
423 407 405 
424 408 422 
425 405 403 
426 406 424 
427 403 401 
428 404 426 
401 415 427 
416 402 428 
319 441 317 
320 442 444 
389 443 319 
390 444 412 
309 441 311 
442 310 312 
381 413 387 
414 382 388 
411 439 443 
440 412 444 
445 439 437 
446 440 444 
433 437 435 
438 434 436 
447 433 431 
448 434 446 
447 449 429 
448 450 432 
429 415 413 
430 416 450 
447 381 311 
448 382 430 
441 447 311 
442 448 446 
441 443 445 
446 444 442 
415 451 475 
452 416 476 
431 451 449 
432 452 462 
431 459 461 
460 432 462 
435 459 433 
436 460 458 
437 457 435 
438 458 456 
437 453 455 
454 438 456 
439 473 453 
474 440 454 
427 475 463 
476 428 464 
425 463 465 
464 426 466 
423 465 467 
466 424 468 
423 469 421 
424 470 468 
421 471 419 
422 472 470 
419 473 417 
420 474 472 
455 477 457 
456 478 480 
479 483 477 
480 484 482 
483 487 485 
488 484 486 
487 491 485 
488 492 490 
463 485 491 
486 464 492 
483 475 451 
484 476 486 
461 483 451 
462 484 478 
457 461 459 
462 458 460 
473 455 453 
474 456 480 
471 479 473 
480 472 474 
487 471 469 
488 472 482 
489 469 467 
490 470 488 
465 489 467 
490 466 468 
463 491 465 
466 492 464 
391 503 501 
504 392 502 
393 501 499 
502 394 500 
393 497 395 
394 498 500 
395 495 397 
396 496 498 
397 493 399 
398 494 496 
399 505 387 
400 506 494 
501 505 493 
502 506 504 
493 499 501 
500 494 502 
495 497 499 
500 498 496 
381 505 313 
382 506 388 
313 503 321 
504 314 322 
319 503 389 
504 320 390 
513 522 514 
508 77 516 
512 523 515 
512 517 520 
349 507 351 
304 515 513 
303 509 352 
349 514 511 
520 525 528 
519 530 527 
521 531 529 
516 525 517 
511 77 507 
508 517 509 
513 523 521 
511 522 519 
527 538 535 
529 539 537 
524 533 525 
527 518 510 
520 531 523 
516 510 524 
521 530 522 
519 510 77 
535 526 518 
537 546 538 
532 526 540 
536 547 539 
528 533 536 
528 539 531 
524 518 532 
529 538 530 
540 534 548 
544 554 547 
544 549 551 
543 553 550 
532 541 533 
537 547 545 
535 546 543 
536 541 544 
550 561 558 
552 562 560 
548 556 549 
550 542 534 
545 553 546 
543 534 526 
540 549 541 
545 554 552 
542 557 555 
556 557 559 
557 561 560 
562 557 560 
551 556 559 
551 562 554 
548 542 555 
552 561 553 
46 0 2 
3 1 47 
44 2 4 
5 3 45 
2 8 6 
7 9 3 
0 10 8 
9 11 1 
10 12 14 
15 13 11 
8 14 16 
17 15 9 
20 18 16 
21 15 17 
22 20 14 
23 13 15 
22 24 26 
27 25 23 
26 28 18 
27 21 19 
32 30 28 
33 27 29 
34 32 26 
35 25 27 
36 38 32 
37 35 33 
38 40 30 
39 33 31 
44 42 40 
45 39 41 
46 44 38 
47 37 39 
36 50 48 
37 47 49 
34 52 50 
35 37 51 
24 54 52 
25 35 53 
22 56 54 
23 25 55 
22 12 58 
59 13 23 
12 10 62 
63 11 13 
10 0 64 
65 1 11 
0 46 48 
49 47 1 
173 175 90 
174 89 90 
171 173 88 
172 87 89 
84 169 171 
172 170 85 
82 167 169 
170 168 83 
80 165 167 
168 166 81 
78 91 145 
146 92 79 
93 147 145 
94 92 146 
93 95 149 
150 96 94 
97 151 149 
98 96 150 
99 153 151 
100 98 152 
101 155 153 
102 100 154 
101 103 157 
158 104 102 
105 159 157 
106 104 158 
107 161 159 
108 106 160 
66 67 161 
66 108 162 
127 159 161 
128 110 162 
127 178 157 
158 179 128 
155 157 178 
156 126 179 
153 155 125 
154 124 126 
151 153 123 
152 122 124 
149 151 121 
150 120 122 
147 149 119 
148 118 120 
145 147 117 
146 116 118 
113 163 145 
146 164 114 
113 180 176 
176 181 114 
161 67 111 
162 110 112 
111 67 177 
177 67 112 
180 182 177 
181 176 177 
134 136 175 
175 136 135 
132 134 173 
174 135 133 
132 171 169 
133 131 170 
165 186 184 
185 187 166 
130 169 167 
168 170 131 
189 188 186 
189 144 187 
186 188 68 
187 185 68 
130 184 68 
131 129 68 
141 192 190 
191 193 142 
194 192 141 
195 140 142 
196 194 139 
197 138 140 
70 196 138 
143 190 69 
144 189 69 
190 205 207 
191 69 207 
70 198 199 
200 198 70 
196 199 201 
202 200 197 
201 203 192 
202 195 193 
192 203 205 
206 204 193 
203 201 199 
204 198 200 
198 207 205 
206 207 198 
138 139 163 
164 140 138 
139 141 210 
211 142 140 
143 212 210 
144 142 211 
186 165 212 
187 144 213 
208 212 165 
209 81 166 
214 210 212 
215 209 213 
78 163 210 
211 164 79 
129 71 221 
129 131 222 
132 130 221 
222 131 133 
134 132 219 
220 133 135 
136 134 217 
218 135 136 
217 228 230 
218 216 230 
217 219 226 
227 220 218 
219 221 224 
225 222 220 
71 223 224 
71 222 225 
223 230 228 
229 230 223 
182 180 233 
234 181 183 
111 182 231 
232 183 112 
111 253 255 
112 110 256 
113 251 233 
114 181 234 
113 115 249 
250 116 114 
115 117 247 
248 118 116 
117 119 245 
246 120 118 
119 121 243 
244 122 120 
123 241 243 
124 122 244 
125 239 241 
126 124 242 
125 178 235 
236 179 126 
178 127 237 
238 128 179 
127 109 255 
256 110 128 
237 255 257 
258 256 238 
235 237 275 
276 238 236 
235 277 273 
236 240 274 
239 273 271 
240 242 272 
243 241 271 
272 242 244 
243 269 267 
244 246 268 
247 245 267 
268 246 248 
247 265 263 
248 250 264 
249 263 261 
250 252 262 
233 251 261 
262 252 234 
255 253 259 
260 254 256 
253 231 281 
282 232 254 
231 233 279 
280 234 232 
66 107 283 
284 108 66 
107 105 285 
286 106 108 
103 287 285 
104 106 286 
101 289 287 
102 104 288 
99 291 289 
100 102 290 
99 97 293 
294 98 100 
95 295 293 
96 98 294 
95 93 297 
298 94 96 
93 91 299 
300 92 94 
308 327 337 
308 307 338 
307 337 335 
307 306 336 
306 335 339 
306 305 340 
88 90 305 
305 90 89 
86 88 339 
340 89 87 
84 86 333 
334 87 85 
82 84 329 
330 85 83 
329 335 337 
338 336 330 
333 339 335 
334 330 336 
331 337 327 
332 326 328 
80 82 331 
332 83 81 
341 343 214 
342 209 215 
325 341 208 
326 81 209 
214 343 345 
215 79 346 
345 299 91 
346 79 92 
323 351 303 
324 76 303 
303 351 507 
304 513 514 
350 512 515 
350 352 509 
304 347 327 
328 348 304 
327 347 341 
328 326 342 
295 297 317 
318 298 296 
315 323 76 
316 75 76 
357 355 302 
358 301 302 
302 355 353 
354 356 302 
74 353 315 
316 354 74 
291 293 361 
362 294 292 
363 361 367 
368 362 364 
365 367 369 
370 368 366 
371 369 375 
376 370 372 
377 373 375 
378 314 376 
315 353 373 
374 354 316 
353 355 371 
372 356 354 
355 357 365 
366 358 356 
357 359 363 
364 360 358 
291 363 359 
292 290 360 
359 357 301 
360 73 301 
285 287 289 
286 284 290 
283 289 359 
360 290 284 
295 309 361 
296 294 362 
309 311 367 
368 312 310 
311 381 369 
370 382 312 
375 369 381 
376 314 382 
349 385 383 
350 348 384 
383 385 319 
384 318 320 
297 299 383 
384 300 298 
299 343 341 
342 344 300 
321 379 377 
322 314 378 
377 379 323 
378 316 324 
385 379 321 
386 320 322 
351 379 385 
352 350 386 
387 413 401 
388 400 402 
399 401 403 
404 402 400 
403 405 395 
404 398 396 
405 407 393 
406 396 394 
407 409 391 
408 394 392 
391 409 411 
412 410 392 
409 419 417 
418 420 410 
407 421 419 
420 422 408 
423 421 407 
424 406 408 
425 423 405 
426 404 406 
427 425 403 
428 402 404 
401 413 415 
416 414 402 
319 443 441 
320 318 442 
389 411 443 
390 320 444 
309 317 441 
442 318 310 
381 429 413 
414 430 382 
411 417 439 
440 418 412 
445 443 439 
446 438 440 
433 445 437 
438 446 434 
447 445 433 
448 432 434 
447 431 449 
448 430 450 
429 449 415 
430 414 416 
447 429 381 
448 312 382 
441 445 447 
442 312 448 
415 449 451 
452 450 416 
431 461 451 
432 450 452 
431 433 459 
460 434 432 
435 457 459 
436 434 460 
437 455 457 
438 436 458 
437 439 453 
454 440 438 
439 417 473 
474 418 440 
427 415 475 
476 416 428 
425 427 463 
464 428 426 
423 425 465 
466 426 424 
423 467 469 
424 422 470 
421 469 471 
422 420 472 
419 471 473 
420 418 474 
455 479 477 
456 458 478 
479 481 483 
480 478 484 
483 481 487 
488 482 484 
487 489 491 
488 486 492 
463 475 485 
486 476 464 
483 485 475 
484 452 476 
461 477 483 
462 452 484 
457 477 461 
462 478 458 
473 479 455 
474 454 456 
471 481 479 
480 482 472 
487 481 471 
488 470 472 
489 487 469 
490 468 470 
465 491 489 
490 492 466 
391 389 503 
504 390 392 
393 391 501 
502 392 394 
393 499 497 
394 396 498 
395 497 495 
396 398 496 
397 495 493 
398 400 494 
399 493 505 
400 388 506 
501 503 505 
502 494 506 
493 495 499 
500 496 494 
381 387 505 
382 314 506 
313 505 503 
504 506 314 
319 321 503 
504 322 320 
513 521 522 
508 507 77 
512 520 523 
512 509 517 
349 511 507 
304 348 515 
303 508 509 
349 347 514 
520 517 525 
519 522 530 
521 523 531 
516 524 525 
511 519 77 
508 516 517 
513 515 523 
511 514 522 
527 530 538 
529 531 539 
524 532 533 
527 535 518 
520 528 531 
516 77 510 
521 529 530 
519 527 510 
535 543 526 
537 545 546 
532 518 526 
536 544 547 
528 525 533 
528 536 539 
524 510 518 
529 537 538 
540 526 534 
544 551 554 
544 541 549 
543 546 553 
532 540 541 
537 539 547 
535 538 546 
536 533 541 
550 553 561 
552 554 562 
548 555 556 
550 558 542 
545 552 553 
543 550 534 
540 548 549 
545 547 554 
542 558 557 
556 555 557 
557 558 561 
562 559 557 
551 549 556 
551 559 562 
548 534 542 
552 560 561 
3
Bone 6.013298
Bone.001 3.291978
Bone.002 2.658724
49
77 0.033441 Bone
510 0.152916 Bone
516 0.055859 Bone
517 0.034407 Bone
518 0.824172 Bone
519 0.002289 Bone
520 0.003916 Bone
521 0.056635 Bone
522 0.037711 Bone
523 0.038276 Bone
524 0.205967 Bone
525 0.153772 Bone
526 0.987950 Bone
527 0.132308 Bone
528 0.134349 Bone
529 0.210636 Bone
530 0.161594 Bone
531 0.162091 Bone
532 0.875800 Bone
533 0.823210 Bone
534 0.999519 Bone
535 0.920067 Bone
536 0.918513 Bone
537 0.879773 Bone
538 0.839316 Bone
539 0.838821 Bone
540 0.991840 Bone
541 0.987761 Bone
542 0.999868 Bone
543 0.996142 Bone
544 0.995978 Bone
545 0.993087 Bone
546 0.989905 Bone
547 0.989802 Bone
548 0.999653 Bone
549 0.999506 Bone
550 0.999849 Bone
551 0.999839 Bone
552 0.999808 Bone
553 0.999675 Bone
554 0.999668 Bone
555 0.999891 Bone
556 0.999865 Bone
557 0.999962 Bone
558 0.999946 Bone
559 0.999944 Bone
560 0.999936 Bone
561 0.999922 Bone
562 0.999921 Bone
387
34 0.000333 Bone.001
35 0.000481 Bone.001
67 0.000380 Bone.001
68 0.117660 Bone.001
69 0.084796 Bone.001
70 0.083070 Bone.001
71 0.123314 Bone.001
75 0.022693 Bone.001
76 0.104132 Bone.001
77 0.909268 Bone.001
78 0.079799 Bone.001
79 0.080112 Bone.001
80 0.119353 Bone.001
81 0.119549 Bone.001
82 0.134193 Bone.001
83 0.134297 Bone.001
84 0.138692 Bone.001
85 0.138761 Bone.001
86 0.139396 Bone.001
87 0.139456 Bone.001
88 0.139020 Bone.001
89 0.139056 Bone.001
90 0.138253 Bone.001
91 0.059703 Bone.001
92 0.060305 Bone.001
93 0.034596 Bone.001
94 0.035954 Bone.001
95 0.008072 Bone.001
96 0.009495 Bone.001
111 0.007360 Bone.001
112 0.007528 Bone.001
113 0.040184 Bone.001
114 0.040554 Bone.001
115 0.046179 Bone.001
116 0.046947 Bone.001
117 0.034767 Bone.001
118 0.035728 Bone.001
119 0.013884 Bone.001
120 0.014925 Bone.001
121 0.003847 Bone.001
122 0.004796 Bone.001
129 0.122620 Bone.001
130 0.121895 Bone.001
131 0.121924 Bone.001
132 0.128933 Bone.001
133 0.128959 Bone.001
134 0.130900 Bone.001
135 0.130913 Bone.001
136 0.131312 Bone.001
137 0.079069 Bone.001
138 0.073705 Bone.001
139 0.078166 Bone.001
140 0.078264 Bone.001
141 0.081553 Bone.001
142 0.081650 Bone.001
143 0.084990 Bone.001
144 0.085051 Bone.001
145 0.051163 Bone.001
146 0.051594 Bone.001
147 0.025431 Bone.001
148 0.026585 Bone.001
149 0.006925 Bone.001
150 0.008050 Bone.001
163 0.064759 Bone.001
164 0.064886 Bone.001
165 0.102190 Bone.001
166 0.102298 Bone.001
167 0.125540 Bone.001
168 0.125610 Bone.001
169 0.131708 Bone.001
170 0.131767 Bone.001
171 0.135110 Bone.001
172 0.135156 Bone.001
173 0.135072 Bone.001
174 0.135104 Bone.001
175 0.134810 Bone.001
176 0.046638 Bone.001
177 0.018426 Bone.001
180 0.032903 Bone.001
181 0.033169 Bone.001
182 0.021394 Bone.001
183 0.021581 Bone.001
184 0.119824 Bone.001
185 0.119858 Bone.001
186 0.096218 Bone.001
187 0.096258 Bone.001
188 0.095392 Bone.001
189 0.086595 Bone.001
190 0.083355 Bone.001
191 0.083410 Bone.001
192 0.082426 Bone.001
193 0.082496 Bone.001
194 0.080995 Bone.001
195 0.081067 Bone.001
196 0.079716 Bone.001
197 0.079747 Bone.001
198 0.082888 Bone.001
199 0.084193 Bone.001
200 0.084220 Bone.001
201 0.084143 Bone.001
202 0.084198 Bone.001
203 0.082676 Bone.001
204 0.082731 Bone.001
205 0.082802 Bone.001
206 0.082844 Bone.001
207 0.083534 Bone.001
208 0.102789 Bone.001
209 0.103048 Bone.001
210 0.081755 Bone.001
211 0.081901 Bone.001
212 0.089127 Bone.001
213 0.089257 Bone.001
214 0.092234 Bone.001
215 0.092521 Bone.001
216 0.130530 Bone.001
217 0.130019 Bone.001
218 0.130028 Bone.001
219 0.127895 Bone.001
220 0.127916 Bone.001
221 0.123269 Bone.001
222 0.123292 Bone.001
223 0.125652 Bone.001
224 0.125288 Bone.001
225 0.125303 Bone.001
226 0.127088 Bone.001
227 0.127100 Bone.001
228 0.128125 Bone.001
229 0.128131 Bone.001
230 0.128377 Bone.001
231 0.020345 Bone.001
232 0.020568 Bone.001
233 0.030474 Bone.001
234 0.030763 Bone.001
242 0.000773 Bone.001
243 0.005789 Bone.001
244 0.006693 Bone.001
245 0.016016 Bone.001
246 0.017002 Bone.001
247 0.032956 Bone.001
248 0.033866 Bone.001
249 0.041917 Bone.001
250 0.042647 Bone.001
251 0.037616 Bone.001
252 0.038012 Bone.001
253 0.008772 Bone.001
254 0.008989 Bone.001
255 0.000281 Bone.001
256 0.000557 Bone.001
257 0.000744 Bone.001
258 0.001036 Bone.001
259 0.008718 Bone.001
260 0.008948 Bone.001
261 0.036831 Bone.001
262 0.037253 Bone.001
263 0.040455 Bone.001
264 0.041187 Bone.001
265 0.032339 Bone.001
266 0.033235 Bone.001
267 0.015772 Bone.001
268 0.016732 Bone.001
269 0.007203 Bone.001
270 0.008099 Bone.001
271 0.000716 Bone.001
272 0.001509 Bone.001
279 0.028211 Bone.001
280 0.028502 Bone.001
281 0.019471 Bone.001
282 0.019710 Bone.001
295 0.010125 Bone.001
296 0.011746 Bone.001
297 0.040708 Bone.001
298 0.042405 Bone.001
299 0.061515 Bone.001
300 0.062229 Bone.001
303 0.262987 Bone.001
304 0.297367 Bone.001
305 0.143807 Bone.001
306 0.156276 Bone.001
307 0.189982 Bone.001
308 0.229382 Bone.001
309 0.010876 Bone.001
310 0.013556 Bone.001
311 0.010333 Bone.001
312 0.013399 Bone.001
313 0.049064 Bone.001
314 0.051430 Bone.001
315 0.031832 Bone.001
316 0.033177 Bone.001
317 0.044653 Bone.001
318 0.047825 Bone.001
319 0.076772 Bone.001
320 0.079208 Bone.001
321 0.075809 Bone.001
322 0.077803 Bone.001
323 0.106407 Bone.001
324 0.107377 Bone.001
325 0.132880 Bone.001
326 0.133268 Bone.001
327 0.196801 Bone.001
328 0.197317 Bone.001
329 0.148427 Bone.001
330 0.148538 Bone.001
331 0.152988 Bone.001
332 0.153231 Bone.001
333 0.143090 Bone.001
334 0.143157 Bone.001
335 0.156103 Bone.001
336 0.156164 Bone.001
337 0.178033 Bone.001
338 0.178193 Bone.001
339 0.144590 Bone.001
340 0.144628 Bone.001
341 0.110607 Bone.001
342 0.111042 Bone.001
343 0.095836 Bone.001
344 0.096235 Bone.001
345 0.085313 Bone.001
346 0.085687 Bone.001
347 0.227384 Bone.001
348 0.228280 Bone.001
349 0.197050 Bone.001
350 0.201285 Bone.001
351 0.219993 Bone.001
352 0.221532 Bone.001
375 0.006454 Bone.001
376 0.008751 Bone.001
377 0.046154 Bone.001
378 0.048488 Bone.001
379 0.104673 Bone.001
380 0.106173 Bone.001
381 0.027509 Bone.001
382 0.031705 Bone.001
383 0.088878 Bone.001
384 0.090381 Bone.001
385 0.118418 Bone.001
386 0.121433 Bone.001
387 0.047612 Bone.001
388 0.051459 Bone.001
389 0.062765 Bone.001
390 0.065416 Bone.001
391 0.058913 Bone.001
392 0.062187 Bone.001
393 0.057526 Bone.001
394 0.061020 Bone.001
395 0.057281 Bone.001
396 0.060712 Bone.001
397 0.057367 Bone.001
398 0.060647 Bone.001
399 0.062280 Bone.001
400 0.065261 Bone.001
401 0.057693 Bone.001
402 0.060845 Bone.001
403 0.057891 Bone.001
404 0.061257 Bone.001
405 0.057243 Bone.001
406 0.060784 Bone.001
407 0.057350 Bone.001
408 0.060960 Bone.001
409 0.057821 Bone.001
410 0.061277 Bone.001
411 0.059592 Bone.001
412 0.062432 Bone.001
413 0.047485 Bone.001
414 0.051611 Bone.001
415 0.050899 Bone.001
416 0.054389 Bone.001
417 0.057386 Bone.001
418 0.060548 Bone.001
419 0.056933 Bone.001
420 0.060676 Bone.001
421 0.057126 Bone.001
422 0.060853 Bone.001
423 0.057149 Bone.001
424 0.060789 Bone.001
425 0.057166 Bone.001
426 0.060772 Bone.001
427 0.055830 Bone.001
428 0.059479 Bone.001
429 0.034409 Bone.001
430 0.039466 Bone.001
431 0.043686 Bone.001
432 0.050118 Bone.001
433 0.047366 Bone.001
434 0.051705 Bone.001
435 0.050673 Bone.001
436 0.053968 Bone.001
437 0.052751 Bone.001
438 0.056031 Bone.001
439 0.054000 Bone.001
440 0.057178 Bone.001
441 0.047602 Bone.001
442 0.050843 Bone.001
443 0.055510 Bone.001
444 0.058010 Bone.001
445 0.050205 Bone.001
446 0.052762 Bone.001
447 0.035253 Bone.001
448 0.040383 Bone.001
449 0.044278 Bone.001
450 0.050525 Bone.001
451 0.049503 Bone.001
452 0.053868 Bone.001
453 0.053548 Bone.001
454 0.056857 Bone.001
455 0.053518 Bone.001
456 0.056994 Bone.001
457 0.051203 Bone.001
458 0.054774 Bone.001
459 0.048631 Bone.001
460 0.052565 Bone.001
461 0.048135 Bone.001
462 0.052798 Bone.001
463 0.056147 Bone.001
464 0.060006 Bone.001
465 0.057044 Bone.001
466 0.060737 Bone.001
467 0.057036 Bone.001
468 0.060768 Bone.001
469 0.057017 Bone.001
470 0.060813 Bone.001
471 0.056526 Bone.001
472 0.060520 Bone.001
473 0.055908 Bone.001
474 0.059288 Bone.001
475 0.052910 Bone.001
476 0.056904 Bone.001
477 0.052256 Bone.001
478 0.056550 Bone.001
479 0.054494 Bone.001
480 0.058630 Bone.001
481 0.055089 Bone.001
482 0.060077 Bone.001
483 0.053767 Bone.001
484 0.060340 Bone.001
485 0.056613 Bone.001
486 0.061279 Bone.001
487 0.056046 Bone.001
488 0.060621 Bone.001
489 0.056372 Bone.001
490 0.060628 Bone.001
491 0.056406 Bone.001
492 0.060537 Bone.001
493 0.056210 Bone.001
494 0.059087 Bone.001
495 0.057035 Bone.001
496 0.060246 Bone.001
497 0.057309 Bone.001
498 0.060678 Bone.001
499 0.057658 Bone.001
500 0.061035 Bone.001
501 0.059125 Bone.001
502 0.062218 Bone.001
503 0.065572 Bone.001
504 0.068121 Bone.001
505 0.051009 Bone.001
506 0.053379 Bone.001
507 0.775847 Bone.001
508 0.820658 Bone.001
509 0.774290 Bone.001
510 0.833467 Bone.001
511 0.877413 Bone.001
512 0.874299 Bone.001
513 0.830686 Bone.001
514 0.790139 Bone.001
515 0.789209 Bone.001
516 0.908466 Bone.001
517 0.908204 Bone.001
518 0.173718 Bone.001
519 0.952782 Bone.001
520 0.951188 Bone.001
521 0.908842 Bone.001
522 0.910656 Bone.001
523 0.910050 Bone.001
524 0.784523 Bone.001
525 0.832402 Bone.001
527 0.862893 Bone.001
528 0.860651 Bone.001
529 0.779852 Bone.001
530 0.825803 Bone.001
531 0.825198 Bone.001
532 0.122707 Bone.001
533 0.174639 Bone.001
535 0.079272 Bone.001
536 0.080796 Bone.001
537 0.118761 Bone.001
538 0.158725 Bone.001
539 0.159198 Bone.001
520
0 0.981544 Bone.002
1 0.981447 Bone.002
2 0.982366 Bone.002
3 0.982266 Bone.002
4 0.982961 Bone.002
5 0.982858 Bone.002
6 0.982760 Bone.002
7 0.982657 Bone.002
8 0.982232 Bone.002
9 0.982131 Bone.002
10 0.981456 Bone.002
11 0.981358 Bone.002
12 0.980862 Bone.002
13 0.980764 Bone.002
14 0.982150 Bone.002
15 0.982046 Bone.002
16 0.982524 Bone.002
17 0.982417 Bone.002
18 0.981455 Bone.002
19 0.981349 Bone.002
20 0.981047 Bone.002
21 0.980944 Bone.002
22 0.979546 Bone.002
23 0.979453 Bone.002
24 0.976514 Bone.002
25 0.976437 Bone.002
26 0.979185 Bone.002
27 0.979089 Bone.002
28 0.979834 Bone.002
29 0.979734 Bone.002
30 0.979012 Bone.002
31 0.978920 Bone.002
32 0.978184 Bone.002
33 0.978096 Bone.002
34 0.974833 Bone.002
35 0.974759 Bone.002
36 0.979090 Bone.002
37 0.979002 Bone.002
38 0.980954 Bone.002
39 0.980857 Bone.002
40 0.981644 Bone.002
41 0.981544 Bone.002
42 0.982854 Bone.002
43 0.982751 Bone.002
44 0.982468 Bone.002
45 0.982367 Bone.002
46 0.981069 Bone.002
47 0.980976 Bone.002
48 0.980888 Bone.002
49 0.980795 Bone.002
50 0.978941 Bone.002
51 0.978854 Bone.002
52 0.975899 Bone.002
53 0.975822 Bone.002
54 0.977031 Bone.002
55 0.976951 Bone.002
56 0.979437 Bone.002
57 0.979346 Bone.002
58 0.980641 Bone.002
59 0.980545 Bone.002
60 0.979860 Bone.002
61 0.979769 Bone.002
62 0.981205 Bone.002
63 0.981108 Bone.002
64 0.981367 Bone.002
65 0.981272 Bone.002
66 0.980745 Bone.002
67 0.974604 Bone.002
68 0.881196 Bone.002
69 0.914494 Bone.002
70 0.916343 Bone.002
71 0.875476 Bone.002
72 0.986437 Bone.002
73 0.991922 Bone.002
74 0.985574 Bone.002
75 0.963275 Bone.002
76 0.894717 Bone.002
77 0.048024 Bone.002
78 0.919465 Bone.002
79 0.919148 Bone.002
80 0.879479 Bone.002
81 0.879280 Bone.002
82 0.864472 Bone.002
83 0.864366 Bone.002
84 0.859921 Bone.002
85 0.859850 Bone.002
86 0.859209 Bone.002
87 0.859148 Bone.002
88 0.859589 Bone.002
89 0.859552 Bone.002
90 0.860365 Bone.002
91 0.939749 Bone.002
92 0.939140 Bone.002
93 0.957322 Bone.002
94 0.956636 Bone.002
95 0.970711 Bone.002
96 0.969993 Bone.002
97 0.977737 Bone.002
98 0.977223 Bone.002
99 0.979650 Bone.002
100 0.979209 Bone.002
101 0.981508 Bone.002
102 0.981214 Bone.002
103 0.981762 Bone.002
104 0.981551 Bone.002
105 0.981711 Bone.002
106 0.981539 Bone.002
107 0.981401 Bone.002
108 0.981328 Bone.002
109 0.976138 Bone.002
110 0.976013 Bone.002
111 0.971086 Bone.002
112 0.971001 Bone.002
113 0.954541 Bone.002
114 0.954353 Bone.002
115 0.951492 Bone.002
116 0.951104 Bone.002
117 0.957244 Bone.002
118 0.956758 Bone.002
119 0.967778 Bone.002
120 0.967253 Bone.002
121 0.972842 Bone.002
122 0.972364 Bone.002
123 0.975463 Bone.002
124 0.975043 Bone.002
125 0.977265 Bone.002
126 0.976960 Bone.002
127 0.977271 Bone.002
128 0.977088 Bone.002
129 0.876178 Bone.002
130 0.876912 Bone.002
131 0.876882 Bone.002
132 0.869792 Bone.002
133 0.869766 Bone.002
134 0.867802 Bone.002
135 0.867789 Bone.002
136 0.867385 Bone.002
137 0.920364 Bone.002
138 0.925755 Bone.002
139 0.921257 Bone.002
140 0.921158 Bone.002
141 0.917788 Bone.002
142 0.917689 Bone.002
143 0.914287 Bone.002
144 0.914225 Bone.002
145 0.948384 Bone.002
146 0.947949 Bone.002
147 0.961950 Bone.002
148 0.961367 Bone.002
149 0.971289 Bone.002
150 0.970721 Bone.002
151 0.976653 Bone.002
152 0.976176 Bone.002
153 0.977887 Bone.002
154 0.977461 Bone.002
155 0.979534 Bone.002
156 0.979261 Bone.002
157 0.980221 Bone.002
158 0.980011 Bone.002
159 0.980121 Bone.002
160 0.979951 Bone.002
161 0.977534 Bone.002
162 0.977448 Bone.002
163 0.934737 Bone.002
164 0.934608 Bone.002
165 0.896842 Bone.002
166 0.896732 Bone.002
167 0.873224 Bone.002
168 0.873153 Bone.002
169 0.866985 Bone.002
170 0.866925 Bone.002
171 0.863544 Bone.002
172 0.863497 Bone.002
173 0.863582 Bone.002
174 0.863549 Bone.002
175 0.863848 Bone.002
176 0.951303 Bone.002
177 0.965511 Bone.002
178 0.977678 Bone.002
179 0.977447 Bone.002
180 0.958212 Bone.002
181 0.958078 Bone.002
182 0.964013 Bone.002
183 0.963919 Bone.002
184 0.879007 Bone.002
185 0.878972 Bone.002
186 0.902889 Bone.002
187 0.902848 Bone.002
188 0.903726 Bone.002
189 0.912657 Bone.002
190 0.915964 Bone.002
191 0.915909 Bone.002
192 0.916928 Bone.002
193 0.916857 Bone.002
194 0.918417 Bone.002
195 0.918344 Bone.002
196 0.919712 Bone.002
197 0.919681 Bone.002
198 0.916500 Bone.002
199 0.915218 Bone.002
200 0.915190 Bone.002
201 0.915256 Bone.002
202 0.915201 Bone.002
203 0.916687 Bone.002
204 0.916631 Bone.002
205 0.916544 Bone.002
206 0.916501 Bone.002
207 0.915788 Bone.002
208 0.896226 Bone.002
209 0.895962 Bone.002
210 0.917547 Bone.002
211 0.917398 Bone.002
212 0.910073 Bone.002
213 0.909941 Bone.002
214 0.906896 Bone.002
215 0.906603 Bone.002
216 0.868176 Bone.002
217 0.868694 Bone.002
218 0.868684 Bone.002
219 0.870842 Bone.002
220 0.870821 Bone.002
221 0.875522 Bone.002
222 0.875499 Bone.002
223 0.873111 Bone.002
224 0.873480 Bone.002
225 0.873465 Bone.002
226 0.871659 Bone.002
227 0.871647 Bone.002
228 0.870610 Bone.002
229 0.870604 Bone.002
230 0.870355 Bone.002
231 0.964541 Bone.002
232 0.964428 Bone.002
233 0.959435 Bone.002
234 0.959289 Bone.002
235 0.977064 Bone.002
236 0.976824 Bone.002
237 0.976390 Bone.002
238 0.976203 Bone.002
239 0.976763 Bone.002
240 0.976460 Bone.002
241 0.974800 Bone.002
242 0.974395 Bone.002
243 0.971863 Bone.002
244 0.971407 Bone.002
245 0.966703 Bone.002
246 0.966205 Bone.002
247 0.958159 Bone.002
248 0.957700 Bone.002
249 0.953645 Bone.002
250 0.953276 Bone.002
251 0.955832 Bone.002
252 0.955632 Bone.002
253 0.970373 Bone.002
254 0.970264 Bone.002
255 0.974652 Bone.002
256 0.974513 Bone.002
257 0.974418 Bone.002
258 0.974271 Bone.002
259 0.970400 Bone.002
260 0.970284 Bone.002
261 0.956226 Bone.002
262 0.956013 Bone.002
263 0.954383 Bone.002
264 0.954013 Bone.002
265 0.958472 Bone.002
266 0.958018 Bone.002
267 0.966827 Bone.002
268 0.966342 Bone.002
269 0.971150 Bone.002
270 0.970698 Bone.002
271 0.974424 Bone.002
272 0.974023 Bone.002
273 0.976579 Bone.002
274 0.976273 Bone.002
275 0.976047 Bone.002
276 0.975860 Bone.002
277 0.976878 Bone.002
278 0.976635 Bone.002
279 0.960575 Bone.002
280 0.960428 Bone.002
281 0.964981 Bone.002
282 0.964860 Bone.002
283 0.986985 Bone.002
284 0.986906 Bone.002
285 0.983521 Bone.002
286 0.983352 Bone.002
287 0.983128 Bone.002
288 0.982902 Bone.002
289 0.984478 Bone.002
290 0.984172 Bone.002
291 0.981320 Bone.002
292 0.980841 Bone.002
293 0.978458 Bone.002
294 0.977888 Bone.002
295 0.969677 Bone.002
296 0.968859 Bone.002
297 0.954237 Bone.002
298 0.953379 Bone.002
299 0.937915 Bone.002
300 0.937193 Bone.002
301 0.997372 Bone.002
302 0.995725 Bone.002
303 0.733913 Bone.002
304 0.699350 Bone.002
305 0.854746 Bone.002
306 0.842133 Bone.002
307 0.808033 Bone.002
308 0.768162 Bone.002
309 0.969316 Bone.002
310 0.967968 Bone.002
311 0.969599 Bone.002
312 0.968058 Bone.002
313 0.950068 Bone.002
314 0.948158 Bone.002
315 0.958685 Bone.002
316 0.958005 Bone.002
317 0.952273 Bone.002
318 0.950673 Bone.002
319 0.922619 Bone.002
320 0.920156 Bone.002
321 0.923525 Bone.002
322 0.921510 Bone.002
323 0.892510 Bone.002
324 0.891522 Bone.002
325 0.865797 Bone.002
326 0.865400 Bone.002
327 0.801187 Bone.002
328 0.800655 Bone.002
329 0.850075 Bone.002
330 0.849961 Bone.002
331 0.845465 Bone.002
332 0.845216 Bone.002
333 0.855473 Bone.002
334 0.855404 Bone.002
335 0.842309 Bone.002
336 0.842246 Bone.002
337 0.820129 Bone.002
338 0.819965 Bone.002
339 0.853955 Bone.002
340 0.853916 Bone.002
341 0.888309 Bone.002
342 0.887866 Bone.002
343 0.903242 Bone.002
344 0.902836 Bone.002
345 0.913882 Bone.002
346 0.913502 Bone.002
347 0.770323 Bone.002
348 0.769398 Bone.002
349 0.801650 Bone.002
350 0.797342 Bone.002
351 0.777847 Bone.002
352 0.776258 Bone.002
353 0.986423 Bone.002
354 0.986067 Bone.002
355 0.992346 Bone.002
356 0.992073 Bone.002
357 0.993785 Bone.002
358 0.993544 Bone.002
359 0.987934 Bone.002
360 0.987625 Bone.002
361 0.980254 Bone.002
362 0.979611 Bone.002
363 0.984386 Bone.002
364 0.983849 Bone.002
365 0.988092 Bone.002
366 0.987574 Bone.002
367 0.982444 Bone.002
368 0.981674 Bone.002
369 0.980181 Bone.002
370 0.979272 Bone.002
371 0.985227 Bone.002
372 0.984649 Bone.002
373 0.977151 Bone.002
374 0.976449 Bone.002
375 0.971540 Bone.002
376 0.970384 Bone.002
377 0.951483 Bone.002
378 0.950304 Bone.002
379 0.894320 Bone.002
380 0.892795 Bone.002
381 0.960958 Bone.002
382 0.958850 Bone.002
383 0.910293 Bone.002
384 0.908769 Bone.002
385 0.880687 Bone.002
386 0.877629 Bone.002
387 0.950859 Bone.002
388 0.948194 Bone.002
389 0.936738 Bone.002
390 0.934068 Bone.002
391 0.940644 Bone.002
392 0.937354 Bone.002
393 0.942067 Bone.002
394 0.938559 Bone.002
395 0.942330 Bone.002
396 0.938886 Bone.002
397 0.942254 Bone.002
398 0.938961 Bone.002
399 0.937359 Bone.002
400 0.934366 Bone.002
401 0.941951 Bone.002
402 0.938787 Bone.002
403 0.941733 Bone.002
404 0.938353 Bone.002
405 0.942368 Bone.002
406 0.938815 Bone.002
407 0.942245 Bone.002
408 0.938620 Bone.002
409 0.941749 Bone.002
410 0.938278 Bone.002
411 0.939943 Bone.002
412 0.937085 Bone.002
413 0.950925 Bone.002
414 0.948045 Bone.002
415 0.948758 Bone.002
416 0.945256 Bone.002
417 0.942176 Bone.002
418 0.938997 Bone.002
419 0.942652 Bone.002
420 0.938894 Bone.002
421 0.942473 Bone.002
422 0.938733 Bone.002
423 0.942461 Bone.002
424 0.938808 Bone.002
425 0.942455 Bone.002
426 0.938836 Bone.002
427 0.943809 Bone.002
428 0.940147 Bone.002
429 0.957488 Bone.002
430 0.954949 Bone.002
431 0.952815 Bone.002
432 0.949528 Bone.002
433 0.950951 Bone.002
434 0.947915 Bone.002
435 0.948948 Bone.002
436 0.945639 Bone.002
437 0.946852 Bone.002
438 0.943557 Bone.002
439 0.945590 Bone.002
440 0.942397 Bone.002
441 0.950806 Bone.002
442 0.948749 Bone.002
443 0.944054 Bone.002
444 0.941536 Bone.002
445 0.949405 Bone.002
446 0.946833 Bone.002
447 0.957054 Bone.002
448 0.954478 Bone.002
449 0.952528 Bone.002
450 0.949130 Bone.002
451 0.949900 Bone.002
452 0.945772 Bone.002
453 0.946049 Bone.002
454 0.942724 Bone.002
455 0.946082 Bone.002
456 0.942592 Bone.002
457 0.948418 Bone.002
458 0.944833 Bone.002
459 0.950317 Bone.002
460 0.947054 Bone.002
461 0.950577 Bone.002
462 0.946834 Bone.002
463 0.943485 Bone.002
464 0.939613 Bone.002
465 0.942575 Bone.002
466 0.938869 Bone.002
467 0.942576 Bone.002
468 0.938830 Bone.002
469 0.942585 Bone.002
470 0.938776 Bone.002
471 0.943068 Bone.002
472 0.939060 Bone.002
473 0.943670 Bone.002
474 0.940275 Bone.002
475 0.946736 Bone.002
476 0.942730 Bone.002
477 0.947366 Bone.002
478 0.943059 Bone.002
479 0.945111 Bone.002
480 0.940961 Bone.002
481 0.944525 Bone.002
482 0.939524 Bone.002
483 0.945860 Bone.002
484 0.939276 Bone.002
485 0.943017 Bone.002
486 0.938339 Bone.002
487 0.943573 Bone.002
488 0.938986 Bone.002
489 0.943247 Bone.002
490 0.938978 Bone.002
491 0.943219 Bone.002
492 0.939075 Bone.002
493 0.943413 Bone.002
494 0.940523 Bone.002
495 0.942583 Bone.002
496 0.939358 Bone.002
497 0.942300 Bone.002
498 0.938918 Bone.002
499 0.941934 Bone.002
500 0.938544 Bone.002
501 0.940433 Bone.002
502 0.937324 Bone.002
503 0.933895 Bone.002
504 0.931327 Bone.002
505 0.948620 Bone.002
506 0.946238 Bone.002
507 0.216359 Bone.002
508 0.168477 Bone.002
509 0.217766 Bone.002
511 0.118592 Bone.002
512 0.121499 Bone.002
513 0.158545 Bone.002
514 0.201727 Bone.002
515 0.202568 Bone.002
516 0.021350 Bone.002
517 0.049184 Bone.002
521 0.019045 Bone.002
522 0.040976 Bone.002
523 0.041625 Bone.002
